Artisan BedMad Johannes Nau

Send: M420 V
Recv: Raw Bilinear Leveling Grid:
Recv:       0      1      2      3      4      5      6      7      8
Recv:  0 +15.213 +15.274 +15.304 +15.319 +15.333 +15.344 +15.356 +15.384 +15.405
Recv:  1 +15.269 +15.314 +15.334 +15.341 +15.350 +15.362 +15.373 +15.389 +15.411
Recv:  2 +15.210 +15.255 +15.279 +15.286 +15.290 +15.299 +15.301 +15.309 +15.323
Recv:  3 +15.195 +15.247 +15.273 +15.286 +15.292 +15.292 +15.295 +15.298 +15.304
Recv:  4 +15.193 +15.233 +15.256 +15.268 +15.273 +15.278 +15.280 +15.276 +15.279
Recv:  5 +15.162 +15.203 +15.226 +15.242 +15.255 +15.250 +15.242 +15.240 +15.235
Recv:  6 +15.131 +15.181 +15.210 +15.233 +15.242 +15.244 +15.236 +15.227 +15.214
Recv:  7 +15.108 +15.163 +15.201 +15.229 +15.238 +15.244 +15.236 +15.225 +15.210
Recv:  8 +15.012 +15.070 +15.108 +15.137 +15.150 +15.152 +15.136 +15.114 +15.085
Recv: 
Recv: compensated Bilinear Leveling Grid:
Recv:       0      1      2      3      4      5      6      7      8
Recv:  0 +15.705 +15.766 +15.795 +15.811 +15.825 +15.835 +15.848 +15.875 +15.897
Recv:  1 +15.761 +15.806 +15.826 +15.833 +15.842 +15.854 +15.865 +15.881 +15.903
Recv:  2 +15.702 +15.747 +15.771 +15.778 +15.782 +15.790 +15.793 +15.801 +15.815
Recv:  3 +15.687 +15.739 +15.765 +15.778 +15.784 +15.784 +15.787 +15.790 +15.796
Recv:  4 +15.685 +15.725 +15.748 +15.760 +15.764 +15.770 +15.772 +15.768 +15.771
Recv:  5 +15.654 +15.695 +15.718 +15.734 +15.747 +15.742 +15.734 +15.732 +15.727
Recv:  6 +15.623 +15.673 +15.702 +15.725 +15.734 +15.736 +15.728 +15.719 +15.706
Recv:  7 +15.600 +15.655 +15.693 +15.721 +15.730 +15.736 +15.728 +15.717 +15.702
Recv:  8 +15.503 +15.562 +15.600 +15.628 +15.642 +15.644 +15.628 +15.606 +15.577
Recv: 
Recv: Subdivided with CATMULL ROM Leveling Grid:
Recv:         0        1        2        3        4        5        6        7        8        9       10       11       12       13       14       15       16       17       18       19       20       21       22       23       24
Recv:  0 +15.70500 +15.72650 +15.74800 +15.76600 +15.77869 +15.78787 +15.79550 +15.80174 +15.80642 +15.81100 +15.81607 +15.82104 +15.82550 +15.82908 +15.83215 +15.83550 +15.83893 +15.84263 +15.84800 +15.85628 +15.86622 +15.87550 +15.88311 +15.89005 +15.89700
Recv:  1 +15.72813 +15.74757 +15.76700 +15.78319 +15.79447 +15.80250 +15.80902 +15.81406 +15.81758 +15.82119 +15.82549 +15.82987 +15.83404 +15.83777 +15.84127 +15.84491 +15.84841 +15.85203 +15.85696 +15.86408 +15.87249 +15.88070 +15.88816 +15.89542 +15.90269
Recv:  2 +15.75126 +15.76863 +15.78599 +15.80037 +15.81025 +15.81713 +15.82254 +15.82638 +15.82874 +15.83137 +15.83491 +15.83871 +15.84257 +15.84645 +15.85039 +15.85431 +15.85788 +15.86144 +15.86592 +15.87187 +15.87875 +15.88591 +15.89321 +15.90079 +15.90837
Recv:  3 +15.76150 +15.77743 +15.79335 +15.80650 +15.81552 +15.82176 +15.82650 +15.82956 +15.83111 +15.83300 +15.83585 +15.83904 +15.84250 +15.84637 +15.85052 +15.85450 +15.85789 +15.86111 +15.86500 +15.86985 +15.87537 +15.88150 +15.88843 +15.89596 +15.90350
Recv:  4 +15.74861 +15.76405 +15.77949 +15.79233 +15.80141 +15.80788 +15.81272 +15.81562 +15.81688 +15.81833 +15.82052 +15.82291 +15.82574 +15.82938 +15.83346 +15.83717 +15.83989 +15.84222 +15.84515 +15.84896 +15.85336 +15.85850 +15.86466 +15.87155 +15.87845
Recv:  5 +15.72283 +15.73841 +15.75398 +15.76711 +15.77678 +15.78400 +15.78939 +15.79254 +15.79385 +15.79511 +15.79671 +15.79826 +15.80037 +15.80362 +15.80741 +15.81061 +15.81240 +15.81359 +15.81541 +15.81824 +15.82170 +15.82589 +15.83106 +15.83694 +15.84283
Recv:  6 +15.70200 +15.71796 +15.73392 +15.74750 +15.75774 +15.76559 +15.77150 +15.77506 +15.77666 +15.77800 +15.77935 +15.78043 +15.78200 +15.78472 +15.78794 +15.79050 +15.79157 +15.79198 +15.79300 +15.79504 +15.79768 +15.80100 +15.80522 +15.81011 +15.81500
Recv:  7 +15.69322 +15.71004 +15.72684 +15.74113 +15.75183 +15.76000 +15.76630 +15.77045 +15.77273 +15.77458 +15.77630 +15.77759 +15.77900 +15.78089 +15.78290 +15.78452 +15.78527 +15.78562 +15.78645 +15.78799 +15.78999 +15.79257 +15.79597 +15.79994 +15.80391
Recv:  8 +15.68939 +15.70730 +15.72521 +15.74037 +15.75150 +15.75988 +15.76654 +15.77144 +15.77462 +15.77726 +15.77968 +15.78155 +15.78300 +15.78393 +15.78444 +15.78498 +15.78562 +15.78629 +15.78722 +15.78844 +15.78993 +15.79187 +15.79447 +15.79753 +15.80059
Recv:  9 +15.68700 +15.70528 +15.72355 +15.73900 +15.75024 +15.75865 +15.76550 +15.77093 +15.77480 +15.77800 +15.78085 +15.78304 +15.78450 +15.78489 +15.78455 +15.78450 +15.78513 +15.78604 +15.78700 +15.78784 +15.78872 +15.79000 +15.79191 +15.79420 +15.79650
Recv: 10 +15.68644 +15.70360 +15.72074 +15.73532 +15.74607 +15.75424 +15.76098 +15.76647 +15.77054 +15.77380 +15.77635 +15.77810 +15.77939 +15.78011 +15.78037 +15.78078 +15.78167 +15.78271 +15.78352 +15.78373 +15.78370 +15.78417 +15.78552 +15.78736 +15.78920
Recv: 11 +15.68733 +15.70262 +15.71790 +15.73102 +15.74095 +15.74872 +15.75519 +15.76052 +15.76454 +15.76765 +15.76964 +15.77069 +15.77178 +15.77326 +15.77476 +15.77611 +15.77737 +15.77847 +15.77904 +15.77855 +15.77753 +15.77716 +15.77805 +15.77959 +15.78113
Recv: 12 +15.68500 +15.69896 +15.71293 +15.72500 +15.73431 +15.74174 +15.74800 +15.75326 +15.75735 +15.76050 +15.76241 +15.76337 +15.76450 +15.76635 +15.76837 +15.77000 +15.77113 +15.77187 +15.77200 +15.77102 +15.76942 +15.76850 +15.76889 +15.76994 +15.77100
Recv: 13 +15.67682 +15.69052 +15.70423 +15.71606 +15.72509 +15.73224 +15.73839 +15.74373 +15.74806 +15.75167 +15.75457 +15.75675 +15.75846 +15.75977 +15.76060 +15.76102 +15.76099 +15.76054 +15.75985 +15.75879 +15.75748 +15.75658 +15.75640 +15.75662 +15.75683
Recv: 14 +15.66541 +15.67940 +15.69339 +15.70539 +15.71433 +15.72128 +15.72739 +15.73289 +15.73756 +15.74183 +15.74622 +15.75021 +15.75276 +15.75313 +15.75204 +15.75059 +15.74890 +15.74684 +15.74515 +15.74419 +15.74359 +15.74298 +15.74221 +15.74141 +15.74061
Recv: 15 +15.65400 +15.66854 +15.68307 +15.69550 +15.70465 +15.71168 +15.71800 +15.72391 +15.72909 +15.73400 +15.73937 +15.74446 +15.74750 +15.74733 +15.74511 +15.74250 +15.73969 +15.73648 +15.73400 +15.73296 +15.73265 +15.73200 +15.73056 +15.72878 +15.72700
Recv: 16 +15.64335 +15.65874 +15.67412 +15.68731 +15.69708 +15.70464 +15.71154 +15.71823 +15.72425 +15.72969 +15.73499 +15.73971 +15.74255 +15.74266 +15.74088 +15.73854 +15.73567 +15.73224 +15.72939 +15.72785 +15.72690 +15.72552 +15.72324 +15.72054 +15.71783
Recv: 17 +15.63270 +15.64919 +15.66568 +15.67990 +15.69057 +15.69896 +15.70668 +15.71440 +15.72144 +15.72737 +15.73211 +15.73574 +15.73805 +15.73882 +15.73828 +15.73691 +15.73453 +15.73133 +15.72833 +15.72610 +15.72408 +15.72165 +15.71846 +15.71487 +15.71128
Recv: 18 +15.62300 +15.64043 +15.65785 +15.67300 +15.68459 +15.69390 +15.70250 +15.71117 +15.71911 +15.72550 +15.72981 +15.73257 +15.73450 +15.73591 +15.73648 +15.73600 +15.73407 +15.73109 +15.72800 +15.72520 +15.72229 +15.71900 +15.71509 +15.71079 +15.70650
Recv: 19 +15.61763 +15.63561 +15.65359 +15.66943 +15.68198 +15.69239 +15.70196 +15.71147 +15.72013 +15.72696 +15.73120 +15.73361 +15.73546 +15.73740 +15.73877 +15.73893 +15.73733 +15.73451 +15.73143 +15.72844 +15.72519 +15.72156 +15.71738 +15.71282 +15.70826
Recv: 20 +15.61320 +15.63156 +15.64992 +15.66635 +15.67989 +15.69149 +15.70209 +15.71236 +15.72163 +15.72887 +15.73318 +15.73546 +15.73737 +15.73980 +15.74187 +15.74257 +15.74127 +15.73860 +15.73557 +15.73252 +15.72911 +15.72533 +15.72107 +15.71643 +15.71180
Recv: 21 +15.60050 +15.61928 +15.63805 +15.65500 +15.66926 +15.68168 +15.69300 +15.70378 +15.71344 +15.72100 +15.72552 +15.72793 +15.73000 +15.73272 +15.73511 +15.73600 +15.73465 +15.73180 +15.72850 +15.72509 +15.72124 +15.71700 +15.71226 +15.70713 +15.70200
Recv: 22 +15.57369 +15.59300 +15.61230 +15.62969 +15.64423 +15.65684 +15.66831 +15.67921 +15.68896 +15.69669 +15.70160 +15.70450 +15.70685 +15.70953 +15.71167 +15.71215 +15.71021 +15.70661 +15.70248 +15.69819 +15.69337 +15.68807 +15.68216 +15.67578 +15.66939
Recv: 23 +15.53859 +15.55847 +15.57835 +15.59609 +15.61066 +15.62310 +15.63441 +15.64516 +15.65478 +15.66259 +15.66805 +15.67169 +15.67442 +15.67686 +15.67838 +15.67807 +15.67522 +15.67052 +15.66524 +15.65977 +15.65370 +15.64704 +15.63957 +15.63151 +15.62344
Recv: 24 +15.50350 +15.52395 +15.54439 +15.56250 +15.57709 +15.58935 +15.60050 +15.61111 +15.62061 +15.62850 +15.63450 +15.63889 +15.64200 +15.64419 +15.64509 +15.64400 +15.64022 +15.63444 +15.62800 +15.62135 +15.61403 +15.60600 +15.59698 +15.58724 +15.57750
Recv: 
Recv: echo:Bed Leveling ON
Recv: ok
